34
1 兰陵王 1 13 7 7 1 1 1 1 1 1
2 王昭君 1 13 7 7 1 2 1 1 1 1
3 宫本武藏 2 16 9 9 1 2 1 1 1 1
4 红爸爸 2 10 8 10 2 2 2 1 1 1
5 瑶 4 22 13 13 3 3 3 1 1 1
6 东皇太一 1 13 7 9 1 2 1 1 1 1
7 诸葛亮 3 19 11 11 1 2 1 1 1 1
8 白起 3 19 11 11 2 2 1 1 1 1
9 女娲 6 28 17 17 3 3 3 1 1 1
10 后羿 4 30 5 5 2 2 1 1 1 1
11 大乔 1 1 50 50 1 1 1 1 1 1
12 明世隐 4 22 13 13 2 2 2 1 1 1
13 妲己 6 28 17 17 2 2 2 1 1 1
14 孙悟空 4 22 30 13 2 2 2 2 2 2
15 韩信 4 22 13 13 2 2 2 1 1 1
16 夏侯惇 5 25 15 15 2 2 2 1 1 1
17 李白 1 10 10 30 2 2 2 1 1 1
18 小鸟 4 22 13 13 2 2 2 1 1 1
19 野猪 3 19 11 11 3 3 3 1 1 1
20 阿珂 1 5 5 10 3 3 3 1 1 1
21 野熊 1 13 7 7 1 2 1 1 1 1
22 马可波罗 6 28 17 17 2 2 2 1 1 1
23 武则天 5 25 15 15 2 2 2 1 1 1
24 蓝爸爸 4 22 13 13 2 2 2 2 2 2
25 乌龟 6 28 17 17 2 2 2 1 1 1
26 露娜 7 31 19 19 3 3 3 1 1 1
27 暴君 5 15 10 20 3 3 3 2 2 2
28 孙策 6 28 17 17 3 3 3 1 1 1
29 鲁班 7 31 19 19 3 3 3 1 1 1
30 曹操 5 30 20 10 3 3 3 1 1 1
31 孙尚香 10 40 25 25 4 4 4 1 1 1
32 虞姬 1 20 200 50 1 1 1 1 2 3
33 梦奇 1 180 220 40 3 3 3 2 2 2
34 主宰 1 3 3 5 1 1 1 1 1 1